Write:0 0 0 0 
Read:12 63500 65535 63 
Write:0 0 0 0 
Read:12 63500 65535 63 
Write:0 0 0 0 
Read:12 63500 65535 63 
Write:0 0 0 0 
Read:12 63500 65535 63 
Write:0 0 0 0 
Read:12 63500 65535 63 
Write:0 0 0 0 
Read:12 63500 65535 63 
Write:0 0 0 0 
Read:12 63500 65535 63 
Write:0 0 0 0 
Read:12 63500 65535 63 
Write:0 0 0 0 
Read:12 63500 65535 63 
Write:0 0 0 0 
Read:12 63500 65535 63 
Write:0 0 0 0 
Read:12 63500 65535 63 
Write:0 0 0 0 
Read:12 63500 65535 63 
Write:0 0 0 0 
Read:12 63500 65535 63 
Write:0 0 0 0 
Read:12 63500 65535 63 
Write:1 0 0 0 
Read:12 63500 65535 63 
Write:1 0 0 0 
Read:1036 64524 65535 63 
Write:1 0 0 0 
Read:2060 64524 65535 63 
Write:1 0 0 0 
Read:3084 64524 65535 63 
Write:1 0 0 0 
Read:4108 64524 65535 63 
Write:1 0 0 0 
Read:5132 64524 65535 63 
Write:1 0 0 0 
Read:6156 64524 65535 63 
Write:1 0 0 0 
Read:7180 64524 65535 63 
Write:1 0 0 0 
Read:8204 64524 65535 63 
Write:1 0 0 0 
Read:9228 64524 65535 63 
Write:1 0 0 0 
Read:10252 64524 65535 63 
Write:1 0 0 0 
Read:11276 64524 65535 63 
Write:1 0 0 0 
Read:12300 64524 65535 63 
Write:1 0 0 0 
Read:13324 64524 65535 63 
Write:1 0 0 0 
Read:14348 64524 65535 63 
Write:1 0 0 0 
Read:15372 64524 65535 63 
Write:1 0 0 0 
Read:16396 64524 65535 63 
Write:1 0 0 0 
Read:17420 64524 65535 63 
Write:1 0 0 0 
Read:18444 64524 65535 63 
Write:1 0 0 0 
Read:19468 64524 65535 63 
Write:1 0 0 0 
Read:20492 64524 65535 63 
Write:1 0 0 0 
Read:21516 64524 65535 63 
Write:1 0 0 0 
Read:22540 64524 65535 63 
Write:1 0 0 0 
Read:23564 64524 65535 63 
Write:1 0 0 0 
Read:24588 64524 65535 63 
Write:1 0 0 0 
Read:25612 64524 65535 63 
Write:1 0 0 0 
Read:26636 64524 65535 63 
Write:1 0 0 0 
Read:27660 64524 65535 63 
Write:1 0 0 0 
Read:28684 64524 65535 63 
Write:1 0 0 0 
Read:29708 64524 65535 63 
Write:1 0 0 0 
Read:30732 64524 65535 63 
Write:1 0 0 0 
Read:31756 64524 65535 63 
Write:1 0 0 0 
Read:32780 64524 65535 63 
Write:1 0 0 0 
Read:33804 64524 65535 63 
Write:1 0 0 0 
Read:34828 64524 65535 63 
Write:1 0 0 0 
Read:35852 64524 65535 63 
Write:1 0 0 0 
Read:36876 64524 65535 63 
Write:1 0 0 0 
Read:37900 64524 65535 63 
Write:1 0 0 0 
Read:38924 64524 65535 63 
Write:1 0 0 0 
Read:39948 64524 65535 63 
Write:1 0 0 0 
Read:40972 64524 65535 63 
Write:1 0 0 0 
Read:41996 64524 65535 63 
Write:1 0 0 0 
Read:43020 64524 65535 63 
Write:1 0 0 0 
Read:44044 64524 65535 63 
Write:1 0 0 0 
Read:45068 64524 65535 63 
Write:1 0 0 0 
Read:46092 64524 65535 63 
Write:1 0 0 0 
Read:47116 64524 65535 63 
Write:1 0 0 0 
Read:48140 64524 65535 63 
Write:1 0 0 0 
Read:49164 64524 65535 63 
